2020211001 李一 69 70
2020211002 刘二 70 52
2020211003 张三 80 70
2020211004 赵四 78 55
2020211005 王五 90 80
2020211006 李一一 55 85
2020211007 刘义 70 52
2020211008 张任 74 83
2020211009 赵午 78 97
2020211010 王小二 78 91
2020211011 刘一一 78 59
2020211012 唐易 67 91
2020211013 赵子 93 89
2020211014 青雨 67 87
2020211015 易吾 90 83
2020211016 栀子 83 65
2020211017 橘子 91 77
2020211018 赵子 87 89
2020211019 王酒 61 72
2020211020 力诗 90 83
2020211021 花黄 77 94
2020211022 迩闫 87 65
2020211023 鲤鱼 73 56
2020211024 鼎卜柱 61 72
2020211025 赵海一 90 87